   2.4742648e-01   2.1775654e-01  -7.5983046e+00  -3.0469798e+01  -6.4389156e+01  -9.6457692e+01  -1.1165953e+02  -1.0336965e+02  -7.8550654e+01  -4.9974367e+01  -2.7689217e+01  -1.3880033e+01  -6.5494246e+00  -3.0517232e+00  -1.5172738e+00  -9.3839797e-01  -8.1514541e-01  -9.1258124e-01  -1.1355712e+00  -1.4451349e+00  -1.8164769e+00  -2.2358821e+00  -2.7187128e+00  -3.2781747e+00  -3.9032273e+00  -4.5641490e+00  -5.2743073e+00  -6.0536574e+00  -6.8837772e+00  -7.8090675e+00  -8.7080386e+00  -9.6541383e+00
   5.3227930e+00   9.7142554e+00   1.0286665e+01   5.4194405e+00  -7.5904082e+00  -3.1561177e+01  -6.7081686e+01  -1.0718465e+02  -1.3971672e+02  -1.5683632e+02  -1.5736483e+02  -1.4233768e+02  -1.1329440e+02  -7.7623908e+01  -4.5738406e+01  -2.3818830e+01  -1.1386911e+01  -5.4426244e+00  -2.9906643e+00  -2.1754565e+00  -2.0961247e+00  -2.3384265e+00  -2.7552278e+00  -3.2906357e+00  -3.9073790e+00  -4.5654722e+00  -5.2747265e+00  -6.0537870e+00  -6.8838161e+00  -7.8090789e+00  -8.7080417e+00  -9.6541392e+00
  -6.8499672e+00  -1.6970417e+01  -3.1824263e+01  -5.1427923e+01  -7.4615567e+01  -9.8864917e+01  -1.2172346e+02  -1.3997235e+02  -1.5220580e+02  -1.5776965e+02  -1.5632042e+02  -1.4759008e+02  -1.3200521e+02  -1.1134901e+02  -8.8696511e+01  -6.5460932e+01  -4.3805842e+01  -2.7711349e+01  -1.6853814e+01  -1.0414648e+01  -6.8508030e+00  -4.7305920e+00  -3.9575138e+00  -3.8936331e+00  -4.1954481e+00  -4.7052477e+00  -5.3435546e+00  -6.0802952e+00  -6.8930310e+00  -7.8122598e+00  -8.7086880e+00  -9.6548564e+00
  -4.2669447e+02  -7.0990418e+02  -1.0178587e+03  -1.3224779e+03  -1.6102456e+03  -1.8146230e+03  -1.9380266e+03  -1.9438623e+03  -1.8493090e+03  -1.6689332e+03  -1.3927135e+03  -1.0495184e+03  -7.2656866e+02  -4.7418143e+02  -3.0324755e+02  -1.8771842e+02  -1.1096296e+02  -6.7039640e+01  -4.0718815e+01  -2.5706485e+01  -1.6793054e+01  -1.1230348e+01  -8.1591393e+00  -6.5284994e+00  -5.8447553e+00  -5.7044724e+00  -5.9393533e+00  -6.4320213e+00  -7.0957306e+00  -7.9256165e+00  -8.7703397e+00  -9.6879593e+00
  -3.8692436e+01  -5.4289844e+01  -6.9548341e+01  -8.1989635e+01  -8.9542030e+01  -9.0042463e+01  -8.3900693e+01  -7.2440244e+01  -5.8685472e+01  -4.5068454e+01  -3.2685912e+01  -2.2287440e+01  -1.4410431e+01  -9.1939957e+00  -5.9118328e+00  -3.8239424e+00  -2.5253572e+00  -1.8971063e+00  -1.6798984e+00  -1.7467327e+00  -1.9807416e+00  -2.3139449e+00  -2.7547689e+00  -3.2930822e+00  -3.9074979e+00  -4.5638916e+00  -5.2715402e+00  -6.0493756e+00  -6.8800576e+00  -7.8066267e+00  -8.7062105e+00  -9.6538459e+00
   0.0000000e+00   0.0000000e+00   0.0000000e+00   0.0000000e+00  -2.2352726e+00  -1.3965454e+01  -3.4176368e+01  -6.0248584e+01  -9.1897604e+01  -1.2082815e+02  -1.4187897e+02  -1.5508061e+02  -1.5984139e+02  -1.5758783e+02  -1.4960220e+02  -1.3521355e+02  -1.1431922e+02  -8.9538588e+01  -6.4414289e+01  -4.3927595e+01  -2.8706227e+01  -1.7474922e+01  -1.1520978e+01  -8.3382702e+00  -6.7188360e+00  -6.1064938e+00  -6.0985287e+00  -6.4728722e+00  -7.1605864e+00  -7.9109201e+00  -8.7550537e+00  -9.6763483e+00
   0.0000000e+00   0.0000000e+00   0.0000000e+00  -1.1091485e-01  -1.5217414e+01  -2.5662580e+01  -2.1540643e+01  -1.4779227e+01  -9.0067318e+00  -4.9468520e+00  -2.5055468e+00  -1.2782786e+00  -6.9729936e-01  -4.8449211e-01  -4.5720017e-01  -5.2818647e-01  -6.6659377e-01  -8.6307263e-01  -1.1197119e+00  -1.4403104e+00  -1.8150764e+00  -2.2354831e+00  -2.7185923e+00  -3.2781402e+00  -3.9032178e+00  -4.5641466e+00  -5.2743066e+00  -6.0536573e+00  -6.8837772e+00  -7.8090675e+00  -8.7080386e+00  -9.6541383e+00
  -2.6072364e+01  -2.7240657e+01  -2.0390948e+01  -1.2356267e+01  -6.4876369e+00  -3.1122961e+00  -1.3901082e+00  -6.0164808e-01  -2.7115754e-01  -1.5121135e-01  -1.2613315e-01  -1.4534561e-01  -1.9135460e-01  -2.6180663e-01  -3.5935213e-01  -4.8704335e-01  -6.4982241e-01  -8.5654952e-01  -1.1172168e+00  -1.4393782e+00  -1.8147412e+00  -2.2353675e+00  -2.7185532e+00  -3.2781276e+00  -3.9032137e+00  -4.5641453e+00  -5.2743063e+00  -6.0536571e+00  -6.8837772e+00  -7.8090675e+00  -8.7080386e+00  -9.6541383e+00
  -1.3574439e-04  -1.8164489e-02  -2.9298665e-01  -1.5486411e+00  -3.6831929e+00  -4.8588333e+00  -4.4015172e+00  -3.1478386e+00  -1.9612586e+00  -1.1094402e+00  -6.0975385e-01  -3.8092368e-01  -2.9900471e-01  -3.1065553e-01  -3.8100099e-01  -4.9618391e-01  -6.5356062e-01  -8.5801218e-01  -1.1177820e+00  -1.4395892e+00  -1.8148170e+00  -2.2353936e+00  -2.7185621e+00  -3.2781305e+00  -3.9032147e+00  -4.5641456e+00  -5.2743064e+00  -6.0536572e+00  -6.8837772e+00  -7.8090675e+00  -8.7080386e+00  -9.6541383e+00
  -5.2798660e+01  -3.0845588e+02  -5.8892677e+02  -8.3999756e+02  -1.0289332e+03  -1.1318053e+03  -1.1390041e+03  -1.0446999e+03  -8.6876125e+02  -6.4676666e+02  -4.3583291e+02  -2.7283072e+02  -1.5974843e+02  -8.9797248e+01  -4.8602955e+01  -2.5287325e+01  -1.3069352e+01  -6.8471317e+00  -3.9669372e+00  -2.7678410e+00  -2.4208692e+00  -2.5060277e+00  -2.8388951e+00  -3.3305116e+00  -3.9258798e+00  -4.5736344e+00  -5.2782492e+00  -6.0552599e+00  -6.8844181e+00  -7.8093207e+00  -8.7081362e+00  -9.6541753e+00
  -3.7149070e+00  -1.6964109e+01  -3.2206985e+01  -5.2847166e+01  -7.7434106e+01  -9.7479749e+01  -1.1234918e+02  -1.1734687e+02  -1.1453289e+02  -1.0439952e+02  -8.9364932e+01  -7.2688200e+01  -5.6215469e+01  -4.1669525e+01  -3.0142938e+01  -2.1129007e+01  -1.4479658e+01  -9.9148306e+00  -6.9254783e+00  -5.1034625e+00  -4.0747644e+00  -3.5904853e+00  -3.5153843e+00  -3.7316854e+00  -4.1564499e+00  -4.7005775e+00  -5.3453417e+00  -6.0883716e+00  -6.9002550e+00  -7.8169647e+00  -8.7112948e+00  -9.6563343e+00
  -8.0445901e-02  -1.1155352e+01  -5.1729172e+01  -6.9562275e+01  -5.4282052e+01  -3.1252167e+01  -1.4865973e+01  -6.2234612e+00  -2.4446038e+00  -9.2428994e-01  -3.8332639e-01  -2.2788858e-01  -2.1624396e-01  -2.6895818e-01  -3.6127696e-01  -4.8752768e-01  -6.4994107e-01  -8.5657638e-01  -1.1172226e+00  -1.4393793e+00  -1.8147414e+00  -2.2353675e+00  -2.7185532e+00  -3.2781276e+00  -3.9032137e+00  -4.5641453e+00  -5.2743063e+00  -6.0536571e+00  -6.8837772e+00  -7.8090675e+00  -8.7080386e+00  -9.6541383e+00
  -8.2290543e+02  -1.6092236e+03  -2.5375381e+03  -3.5878355e+03  -4.7101277e+03  -5.5799162e+03  -6.2339764e+03  -6.5182388e+03  -6.5420416e+03  -6.3943396e+03  -6.0309742e+03  -5.3735493e+03  -4.5056891e+03  -3.5399714e+03  -2.6233113e+03  -1.7635033e+03  -1.0676307e+03  -6.2908877e+02  -3.6486880e+02  -2.1871717e+02  -1.3443788e+02  -8.0761857e+01  -5.1180460e+01  -3.3340825e+01  -2.2591142e+01  -1.6126398e+01  -1.2469866e+01  -1.0481470e+01  -9.6063456e+00  -9.3886402e+00  -9.6028388e+00  -1.0225355e+01
  -9.6405709e+01  -2.0136978e+02  -3.6449383e+02  -5.9011844e+02  -8.6449651e+02  -1.1537807e+03  -1.4261068e+03  -1.6231200e+03  -1.7121258e+03  -1.6740119e+03  -1.5103309e+03  -1.2299339e+03  -8.9809288e+02  -6.0021770e+02  -3.8074584e+02  -2.3634444e+02  -1.4747157e+02  -9.0271677e+01  -5.3013179e+01  -2.9486900e+01  -1.5976770e+01  -8.8343350e+00  -5.7041312e+00  -4.5823908e+00  -4.4543090e+00  -4.7892263e+00  -5.3640462e+00  -6.0885173e+00  -6.8970312e+00  -7.8140636e+00  -8.7098386e+00  -9.6547734e+00
   0.0000000e+00   0.0000000e+00  -3.2137696e+00  -2.8348379e+01  -4.7332665e+01  -5.3151610e+01  -4.9980112e+01  -4.1717051e+01  -3.1923402e+01  -2.2582085e+01  -1.4927734e+01  -9.6259683e+00  -5.9234216e+00  -3.6083640e+00  -2.2548603e+00  -1.5229496e+00  -1.2029165e+00  -1.1402794e+00  -1.2600795e+00  -1.5097873e+00  -1.8487105e+00  -2.2512901e+00  -2.7258901e+00  -3.2813924e+00  -3.9046478e+00  -4.5647546e+00  -5.2745640e+00  -6.0537637e+00  -6.8838203e+00  -7.8090847e+00  -8.7080451e+00  -9.6541408e+00
  -2.2818041e+02  -4.2696915e+02  -6.4573555e+02  -8.8014207e+02  -1.1137842e+03  -1.2749426e+03  -1.3684621e+03  -1.3655477e+03  -1.2779982e+03  -1.1302895e+03  -9.1343383e+02  -6.6777084e+02  -4.5286178e+02  -2.9387501e+02  -1.8866031e+02  -1.1775691e+02  -6.9720135e+01  -4.1095116e+01  -2.3695473e+01  -1.4258384e+01  -8.9647066e+00  -5.7703591e+00  -4.4756202e+00  -4.1539804e+00  -4.3216175e+00  -4.7681065e+00  -5.3759919e+00  -6.0943174e+00  -6.8991000e+00  -7.8150543e+00  -8.7100336e+00  -9.6554230e+00
  -3.6484632e+01  -6.6478605e+02  -1.6392787e+03  -2.9281653e+03  -4.5134041e+03  -5.8464550e+03  -6.9803803e+03  -7.5762268e+03  -7.8336676e+03  -7.7942589e+03  -7.4437146e+03  -6.7530080e+03  -5.8071403e+03  -4.7202454e+03  -3.6400299e+03  -2.5299279e+03  -1.5648412e+03  -9.2954436e+02  -5.3789654e+02  -3.1988667e+02  -1.9438105e+02  -1.1462075e+02  -7.1688431e+01  -4.6099033e+01  -3.0593854e+01  -2.1200554e+01  -1.5734819e+01  -1.2572625e+01  -1.0969807e+01  -1.0285373e+01  -1.0181506e+01  -1.0493754e+01
   0.0000000e+00  -2.0354452e-02  -4.4260898e+00  -3.8090174e+01  -7.8507441e+01  -8.2768343e+01  -6.4480677e+01  -4.1444960e+01  -2.3237412e+01  -1.1571101e+01  -5.4295857e+00  -2.4933819e+00  -1.1595277e+00  -6.4710233e-01  -5.0754860e-01  -5.4134727e-01  -6.6897809e-01  -8.6294061e-01  -1.1193002e+00  -1.4400429e+00  -1.8149440e+00  -2.2354264e+00  -2.7185699e+00  -3.2781321e+00  -3.9032149e+00  -4.5641456e+00  -5.2743063e+00  -6.0536572e+00  -6.8837772e+00  -7.8090675e+00  -8.7080386e+00  -9.6541383e+00
  -8.6791949e-02  -4.6367138e-01  -2.1868293e+00  -4.0004153e+00  -8.1277323e+00  -1.4244650e+01  -2.2954666e+01  -3.5457062e+01  -5.4391239e+01  -8.1784371e+01  -1.1980232e+02  -1.7118375e+02  -2.3699914e+02  -3.1717904e+02  -4.0646134e+02  -4.8622155e+02  -5.3215105e+02  -5.3491445e+02  -4.8478347e+02  -4.0368828e+02  -3.0403977e+02  -2.1339821e+02  -1.4538217e+02  -9.6929354e+01  -6.4503891e+01  -4.3428285e+01  -3.0028762e+01  -2.1507905e+01  -1.6452027e+01  -1.3665583e+01  -1.2246308e+01  -1.1746935e+01
  -2.3705070e+01  -4.8287288e+01  -7.5767982e+01  -1.0201171e+02  -1.2203301e+02  -1.2975150e+02  -1.2065438e+02  -9.6403635e+01  -6.6365214e+01  -3.9571491e+01  -2.0914911e+01  -1.0406667e+01  -4.9079835e+00  -2.3183994e+00  -1.2087968e+00  -8.1554149e-01  -7.6864497e-01  -8.9682265e-01  -1.1304275e+00  -1.4435414e+00  -1.8160185e+00  -2.2357625e+00  -2.7186763e+00  -3.2781641e+00  -3.9032243e+00  -4.5641482e+00  -5.2743070e+00  -6.0536573e+00  -6.8837772e+00  -7.8090675e+00  -8.7080386e+00  -9.6541383e+00
  -1.2551971e+02  -3.3475901e+02  -5.5958992e+02  -8.2857442e+02  -1.1231121e+03  -1.3369390e+03  -1.4823461e+03  -1.5066023e+03  -1.4398715e+03  -1.3008926e+03  -1.0774177e+03  -8.1096212e+02  -5.6831721e+02  -3.8464966e+02  -2.6070848e+02  -1.7580921e+02  -1.1685774e+02  -7.7806713e+01  -5.1658934e+01  -3.4670889e+01  -2.3457137e+01  -1.5880090e+01  -1.1291610e+01  -8.5391926e+00  -7.0757068e+00  -6.4236434e+00  -6.3413202e+00  -6.6470407e+00  -7.2762700e+00  -7.9826932e+00  -8.7973587e+00  -9.7004849e+00
  -5.4681476e-01  -1.4459117e+02  -5.3306601e+02  -1.2222867e+03  -2.2181844e+03  -3.2248511e+03  -4.1699550e+03  -4.7810192e+03  -5.1292841e+03  -5.2208945e+03  -5.0360558e+03  -4.5535471e+03  -3.8287427e+03  -2.9938529e+03  -2.2030166e+03  -1.4779409e+03  -9.0302919e+02  -5.4424806e+02  -3.2456431e+02  -1.9933775e+02  -1.2498402e+02  -7.7084038e+01  -4.9373139e+01  -3.2285902e+01  -2.1965473e+01  -1.5699227e+01  -1.2143548e+01  -1.0225680e+01  -9.4050715e+00  -9.2389727e+00  -9.4999959e+00  -1.0160269e+01
  -5.1477914e+01  -8.9843478e+01  -1.1779324e+02  -1.2712875e+02  -1.1711211e+02  -9.4904306e+01  -6.9729826e+01  -4.7289138e+01  -2.9930414e+01  -1.7952536e+01  -1.0277816e+01  -5.7248345e+00  -3.1151387e+00  -1.7387230e+00  -1.0808274e+00  -8.2683641e-01  -8.0683440e-01  -9.2590703e-01  -1.1471926e+00  -1.4519684e+00  -1.8198925e+00  -2.2374234e+00  -2.7193580e+00  -3.2784298e+00  -3.9033253e+00  -4.5641848e+00  -5.2743201e+00  -6.0536619e+00  -6.8837788e+00  -7.8090680e+00  -8.7080387e+00  -9.6541384e+00
  -1.0445874e+01  -2.3727908e+01  -3.3080386e+01  -3.4963825e+01  -3.0371388e+01  -2.2806982e+01  -1.5204993e+01  -9.2700829e+00  -5.2057635e+00  -2.7487456e+00  -1.4365232e+00  -7.9504577e-01  -5.0423856e-01  -4.0689874e-01  -4.2428957e-01  -5.1502886e-01  -6.6166087e-01  -8.6132012e-01  -1.1190940e+00  -1.4400937e+00  -1.8150062e+00  -2.2354632e+00  -2.7185870e+00  -3.2781390e+00  -3.9032175e+00  -4.5641465e+00  -5.2743066e+00  -6.0536573e+00  -6.8837772e+00  -7.8090675e+00  -8.7080386e+00  -9.6541383e+00
  -9.1951143e+01  -1.2845357e+02  -1.5926987e+02  -1.7750954e+02  -1.8161766e+02  -1.6908843e+02  -1.4490693e+02  -1.1560114e+02  -8.7799237e+01  -6.4721407e+01  -4.6044950e+01  -3.2001227e+01  -2.1766156e+01  -1.4527728e+01  -9.7196679e+00  -6.4854045e+00  -4.4555012e+00  -3.2126301e+00  -2.5570613e+00  -2.3096669e+00  -2.3311191e+00  -2.5342127e+00  -2.8881324e+00  -3.3705985e+00  -3.9523346e+00  -4.5888776e+00  -5.2852402e+00  -6.0569050e+00  -6.8841136e+00  -7.8087674e+00  -8.7073077e+00  -9.6544097e+00
  -8.7900173e+01  -2.1559111e+02  -3.5993673e+02  -5.1605368e+02  -6.7269431e+02  -8.0928792e+02  -8.8993044e+02  -9.0357536e+02  -8.5701057e+02  -7.5665694e+02  -6.2268564e+02  -4.8829799e+02  -3.6236696e+02  -2.5978891e+02  -1.8280584e+02  -1.2507636e+02  -8.5253576e+01  -5.7115825e+01  -3.8242066e+01  -2.5853103e+01  -1.7723871e+01  -1.2490409e+01  -9.3280490e+00  -7.5084553e+00  -6.6291472e+00  -6.3060046e+00  -6.3895358e+00  -6.7599289e+00  -7.3274212e+00  -8.0080622e+00  -8.8748618e+00  -9.7555182e+00
   0.0000000e+00   0.0000000e+00   0.0000000e+00  -5.1238313e-02  -5.5888331e+00  -3.1334197e+01  -5.8657593e+01  -7.6952074e+01  -8.2703739e+01  -7.6348062e+01  -6.2485018e+01  -4.6900726e+01  -3.2139100e+01  -2.0722088e+01  -1.2651373e+01  -7.5554172e+00  -4.5871223e+00  -2.9551563e+00  -2.2087600e+00  -1.9920550e+00  -2.0872675e+00  -2.3662752e+00  -2.7806346e+00  -3.3066078e+00  -3.9160939e+00  -4.5697665e+00  -5.2767323e+00  -6.0546808e+00  -6.8842023e+00  -7.8092418e+00  -8.7081067e+00  -9.6541644e+00
   1.1611583e+01   1.5381286e+01   1.8680316e+01   2.1559229e+01   2.3976401e+01   2.5810462e+01   2.7140651e+01   2.7621207e+01   2.6837275e+01   2.3823082e+01   1.6776345e+01   2.7666557e+00  -2.0422573e+01  -5.0787986e+01  -8.0754694e+01  -9.6991278e+01  -9.6257480e+01  -8.2101960e+01  -6.1621753e+01  -4.2700983e+01  -2.7803546e+01  -1.6404884e+01  -1.0160820e+01  -7.2408163e+00  -5.9180724e+00  -5.5967846e+00  -5.8041551e+00  -6.3024067e+00  -7.0001369e+00  -7.8635328e+00  -8.7318644e+00  -9.6652177e+00
   2.5693084e+00  -1.7991891e+00  -1.0075092e+01  -2.3438254e+01  -4.2398280e+01  -6.5975008e+01  -9.2405161e+01  -1.1766403e+02  -1.3857969e+02  -1.5305665e+02  -1.6039339e+02  -1.6056820e+02  -1.5394263e+02  -1.4119622e+02  -1.2359396e+02  -1.0113927e+02  -7.5331539e+01  -5.1859513e+01  -3.3242856e+01  -2.0913092e+01  -1.3145412e+01  -7.9819470e+00  -5.6761551e+00  -4.8263093e+00  -4.6749048e+00  -4.9483737e+00  -5.4653548e+00  -6.1396811e+00  -6.9221136e+00  -7.8261626e+00  -8.7148392e+00  -9.6576094e+00
   6.0099836e-01  -4.5966301e+00  -1.4288640e+01  -2.9620750e+01  -5.0650533e+01  -7.5426002e+01  -1.0165222e+02  -1.2509625e+02  -1.4336219e+02  -1.5491380e+02  -1.5938748e+02  -1.5679080e+02  -1.4734891e+02  -1.3218813e+02  -1.1366888e+02  -9.2820568e+01  -7.1535524e+01  -5.2892004e+01  -3.7538664e+01  -2.6281931e+01  -1.8293012e+01  -1.2763154e+01  -9.2210012e+00  -7.2214492e+00  -6.2404840e+00  -5.9058515e+00  -6.0257404e+00  -6.4600872e+00  -7.1670249e+00  -7.9209767e+00  -8.7635831e+00  -9.6822899e+00
   8.9020169e-01  -2.8099272e+00  -8.2468825e+00  -1.6133471e+01  -2.7249875e+01  -4.1924295e+01  -6.0977153e+01  -8.5078096e+01  -1.1179783e+02  -1.3677278e+02  -1.5585644e+02  -1.6639555e+02  -1.6922476e+02  -1.6589299e+02  -1.5711533e+02  -1.4201291e+02  -1.2050004e+02  -9.3151983e+01  -6.4968212e+01  -4.1059045e+01  -2.4209438e+01  -1.3814135e+01  -8.2839964e+00  -5.8631243e+00  -5.0611718e+00  -5.0691227e+00  -5.4900276e+00  -6.1435926e+00  -6.9203336e+00  -7.8236600e+00  -8.7135825e+00  -9.6561950e+00
   6.9506432e+00   1.2248894e+00  -9.5379048e+00  -2.6026594e+01  -4.7542351e+01  -7.1828191e+01  -9.5429130e+01  -1.1446284e+02  -1.2630384e+02  -1.2994329e+02  -1.2558263e+02  -1.1513928e+02  -9.9936312e+01  -8.2633237e+01  -6.5619111e+01  -4.9735682e+01  -3.6571897e+01  -2.6002461e+01  -1.8238322e+01  -1.2742763e+01  -9.1835492e+00  -6.9116641e+00  -5.6341438e+00  -5.0484766e+00  -4.9602607e+00  -5.1771702e+00  -5.6229952e+00  -6.2459306e+00  -6.9879094e+00  -7.8651898e+00  -8.7368209e+00  -9.6697259e+00
   0.0000000e+00  -1.5433091e-01  -8.7816829e-01  -2.1665756e+00  -4.4720924e+00  -8.5047694e+00  -1.5163088e+01  -2.5376805e+01  -4.0188665e+01  -5.7757758e+01  -7.4768143e+01  -8.4694836e+01  -7.6404646e+01  -5.4746814e+01  -3.2178657e+01  -1.6031682e+01  -7.5860080e+00  -3.7441713e+00  -2.2944398e+00  -1.9139970e+00  -2.0013134e+00  -2.3067744e+00  -2.7456231e+00  -3.2880700e+00  -3.9068679e+00  -4.5654594e+00  -5.2747746e+00  -6.0538194e+00  -6.8838320e+00  -7.8090855e+00  -8.7080443e+00  -9.6541401e+00
   0.0000000e+00   0.0000000e+00   0.0000000e+00  -8.6638684e-01  -2.6219357e+01  -6.6144018e+01  -6.1141606e+01  -3.8811047e+01  -2.0252146e+01  -9.2478598e+00  -3.8986309e+00  -1.6463499e+00  -7.4207817e-01  -4.5760097e-01  -4.2642651e-01  -5.0877659e-01  -6.5655191e-01  -8.5850721e-01  -1.1177732e+00  -1.4395305e+00  -1.8147807e+00  -2.2353772e+00  -2.7185555e+00  -3.2781281e+00  -3.9032138e+00  -4.5641454e+00  -5.2743063e+00  -6.0536571e+00  -6.8837772e+00  -7.8090675e+00  -8.7080386e+00  -9.6541383e+00
   0.0000000e+00   0.0000000e+00   0.0000000e+00   0.0000000e+00   0.0000000e+00  -3.2158253e+00  -1.5775001e+01  -2.0448415e+01  -1.9150120e+01  -1.4504945e+01  -9.5451532e+00  -5.8657016e+00  -3.3633868e+00  -1.9468079e+00  -1.2251278e+00  -9.1806402e-01  -8.6099834e-01  -9.5714778e-01  -1.1648896e+00  -1.4617789e+00  -1.8251185e+00  -2.2400743e+00  -2.7206700e+00  -3.2790585e+00  -3.9036202e+00  -4.5643194e+00  -5.2743805e+00  -6.0536881e+00  -6.8837898e+00  -7.8090725e+00  -8.7080405e+00  -9.6541391e+00
   1.5505954e+00   3.7145636e+00   3.2611225e+00  -3.3503906e-01  -9.1888662e+00  -2.4644702e+01  -4.7634787e+01  -7.5467257e+01  -1.0464621e+02  -1.2977409e+02  -1.4765512e+02  -1.5725126e+02  -1.5880225e+02  -1.5346211e+02  -1.4239219e+02  -1.2503140e+02  -1.0155170e+02  -7.6304495e+01  -5.3272085e+01  -3.6167888e+01  -2.4235700e+01  -1.5778061e+01  -1.0871464e+01  -8.1408735e+00  -6.7049315e+00  -6.1333917e+00  -6.1287243e+00  -6.4995732e+00  -7.1791984e+00  -7.9224524e+00  -8.7617288e+00  -9.6800586e+00
   0.0000000e+00   0.0000000e+00   0.0000000e+00   0.0000000e+00  -8.4379595e-02  -1.2037255e+00  -2.2471338e+00  -1.6939231e+00  -9.7667754e-01  -5.2306296e-01  -3.0170049e-01  -2.2560344e-01  -2.2517325e-01  -2.7569643e-01  -3.6488513e-01  -4.8914757e-01  -6.5059951e-01  -8.5682586e-01  -1.1173148e+00  -1.4394125e+00  -1.8147529e+00  -2.2353713e+00  -2.7185545e+00  -3.2781280e+00  -3.9032138e+00  -4.5641454e+00  -5.2743063e+00  -6.0536571e+00  -6.8837772e+00  -7.8090675e+00  -8.7080386e+00  -9.6541383e+00
  -5.6163765e-01  -5.1567629e+00  -1.7182353e+01  -3.8242981e+01  -6.7876141e+01  -9.7276420e+01  -1.1247100e+02  -1.1239490e+02  -1.0049229e+02  -8.2491307e+01  -6.3231273e+01  -4.6824787e+01  -3.3191863e+01  -2.2969447e+01  -1.5734434e+01  -1.0598290e+01  -7.2295833e+00  -5.0280832e+00  -3.7310616e+00  -3.0641186e+00  -2.8113137e+00  -2.8362335e+00  -3.0773601e+00  -3.4874402e+00  -4.0240253e+00  -4.6321273e+00  -5.3109567e+00  -6.0719670e+00  -6.8928516e+00  -7.8137280e+00  -8.7100766e+00  -9.6559492e+00
  -5.1430986e+02  -7.6133212e+02  -1.0169197e+03  -1.2490886e+03  -1.4530635e+03  -1.6106592e+03  -1.7134420e+03  -1.7366922e+03  -1.6765561e+03  -1.5623375e+03  -1.3717755e+03  -1.0998809e+03  -8.1637379e+02  -5.7614805e+02  -4.0233788e+02  -2.7675850e+02  -1.8676675e+02  -1.2735253e+02  -8.5306352e+01  -5.6641010e+01  -3.6709036e+01  -2.2196260e+01  -1.4397251e+01  -1.0094447e+01  -7.7594294e+00  -6.7142795e+00  -6.4431657e+00  -6.6596402e+00  -7.2599806e+00  -7.9615988e+00  -8.7798369e+00  -9.6882309e+00
   0.0000000e+00  -1.4664913e-01  -2.8679095e+00  -1.9063477e+01  -4.4658427e+01  -6.7551045e+01  -8.7175123e+01  -9.8001284e+01  -1.0111593e+02  -9.5529142e+01  -8.4098147e+01  -7.0213611e+01  -5.5302783e+01  -4.1708784e+01  -3.0553414e+01  -2.1626238e+01  -1.4972924e+01  -1.0335659e+01  -7.2608435e+00  -5.3560145e+00  -4.2573386e+00  -3.7178924e+00  -3.6018161e+00  -3.7884207e+00  -4.1927380e+00  -4.7229700e+00  -5.3588516e+00  -6.0962851e+00  -6.9047785e+00  -7.8195098e+00  -8.7126685e+00  -9.6570675e+00
  -5.2124551e+01  -9.2208053e+01  -1.4019728e+02  -1.9166389e+02  -2.3649991e+02  -2.6868654e+02  -2.8445224e+02  -2.8241358e+02  -2.6656857e+02  -2.4267316e+02  -2.1594178e+02  -1.8932324e+02  -1.6265138e+02  -1.3555280e+02  -1.0751610e+02  -7.9315064e+01  -5.4218218e+01  -3.4239580e+01  -2.0616486e+01  -1.2077366e+01  -7.4066562e+00  -5.0402285e+00  -4.0901145e+00  -3.9297014e+00  -4.2072272e+00  -4.7013981e+00  -5.3353224e+00  -6.0801072e+00  -6.8949973e+00  -7.8137655e+00  -8.7099250e+00  -9.6548792e+00
  -7.6443007e+00  -2.3001922e+01  -4.6113790e+01  -7.4404609e+01  -1.0352164e+02  -1.2822128e+02  -1.4343568e+02  -1.4429379e+02  -1.2880290e+02  -1.0032771e+02  -6.8663752e+01  -4.1922479e+01  -2.2859027e+01  -1.1561038e+01  -5.7339183e+00  -2.9065213e+00  -1.6944973e+00  -1.2858416e+00  -1.2900117e+00  -1.5074179e+00  -1.8406265e+00  -2.2448156e+00  -2.7219244e+00  -3.2792792e+00  -3.9036026e+00  -4.5642724e+00  -5.2743473e+00  -6.0536699e+00  -6.8837810e+00  -7.8090686e+00  -8.7080389e+00  -9.6541384e+00
   0.0000000e+00   0.0000000e+00  -2.0026919e-03  -4.2315275e+00  -1.5978407e+01  -1.3925169e+01  -8.7836597e+00  -4.8438964e+00  -2.4781538e+00  -1.1969195e+00  -5.9302037e-01  -3.4815226e-01  -2.7379236e-01  -2.9406642e-01  -3.7142256e-01  -4.9135768e-01  -6.5132771e-01  -8.5704391e-01  -1.1173740e+00  -1.4394260e+00  -1.8147552e+00  -2.2353715e+00  -2.7185543e+00  -3.2781279e+00  -3.9032138e+00  -4.5641453e+00  -5.2743063e+00  -6.0536571e+00  -6.8837772e+00  -7.8090675e+00  -8.7080386e+00  -9.6541383e+00
  -7.5327833e+01  -3.0330430e+02  -5.4128749e+02  -8.3561940e+02  -1.1744263e+03  -1.4422119e+03  -1.6529203e+03  -1.7410926e+03  -1.7274257e+03  -1.6395169e+03  -1.4606795e+03  -1.1944711e+03  -9.1034919e+02  -6.6535319e+02  -4.8463678e+02  -3.5237812e+02  -2.5671417e+02  -1.9070216e+02  -1.4274282e+02  -1.0757276e+02  -8.0511038e+01  -5.9006407e+01  -4.2665147e+01  -3.0616152e+01  -2.2113355e+01  -1.6399701e+01  -1.2770766e+01  -1.0670799e+01  -9.6793335e+00  -9.4071787e+00  -9.6134498e+00  -1.0157158e+01
  -4.9904849e+00  -2.2572221e+01  -5.0793743e+01  -8.4973183e+01  -1.1654665e+02  -1.3575497e+02  -1.3356067e+02  -1.0786336e+02  -7.0891137e+01  -3.8193946e+01  -1.7725613e+01  -7.6475836e+00  -3.1343889e+00  -1.3573131e+00  -7.4760885e-01  -6.1873438e-01  -6.9295037e-01  -8.6984161e-01  -1.1211699e+00  -1.4405009e+00  -1.8150482e+00  -2.2354483e+00  -2.7185738e+00  -3.2781326e+00  -3.9032149e+00  -4.5641456e+00  -5.2743063e+00  -6.0536572e+00  -6.8837772e+00  -7.8090675e+00  -8.7080386e+00  -9.6541383e+00
   0.0000000e+00   3.9522631e-04   4.6638157e-01   4.0060335e+00   4.4431901e+00  -3.0774590e+00  -1.5267394e+01  -2.4043442e+01  -2.3430683e+01  -1.6340734e+01  -9.1373109e+00  -4.6632460e+00  -2.2718922e+00  -1.1964850e+00  -7.7379502e-01  -6.6207897e-01  -7.2144946e-01  -8.8457033e-01  -1.1280194e+00  -1.4434266e+00  -1.8162013e+00  -2.2358729e+00  -2.7187245e+00  -3.2781833e+00  -3.9032318e+00  -4.5641509e+00  -5.2743080e+00  -6.0536576e+00  -6.8837773e+00  -7.8090675e+00  -8.7080386e+00  -9.6541383e+00
  -4.8649949e+00  -2.5543871e+01  -4.7456613e+01  -6.6591075e+01  -7.5791971e+01  -7.3666003e+01  -6.3690278e+01  -5.0397826e+01  -3.7224815e+01  -2.6094272e+01  -1.7500649e+01  -1.1467862e+01  -7.2637220e+00  -4.5492033e+00  -2.8880274e+00  -1.9270613e+00  -1.4568668e+00  -1.2933835e+00  -1.3493981e+00  -1.5600313e+00  -1.8759464e+00  -2.2656791e+00  -2.7334063e+00  -3.2851871e+00  -3.9065275e+00  -4.5656499e+00  -5.2749827e+00  -6.0539548e+00  -6.8839062e+00  -7.8091228e+00  -8.7080613e+00  -9.6541474e+00
   6.9362142e+00   6.1337481e+00   1.8244139e+00  -7.3268771e+00  -2.2212367e+01  -4.2873707e+01  -6.7540181e+01  -9.2765514e+01  -1.1419906e+02  -1.2855171e+02  -1.3417569e+02  -1.3169826e+02  -1.2203867e+02  -1.0757482e+02  -9.0767334e+01  -7.2831253e+01  -5.6258675e+01  -4.1651280e+01  -3.0021412e+01  -2.1390160e+01  -1.5230041e+01  -1.0899742e+01  -8.2698121e+00  -6.7460266e+00  -6.0323081e+00  -5.8358064e+00  -6.0199822e+00  -6.4789537e+00  -7.1908773e+00  -7.9414655e+00  -8.7785554e+00  -9.6923199e+00
  -1.2614771e+02  -1.8863660e+02  -2.3801345e+02  -2.6549175e+02  -2.6390102e+02  -2.3082120e+02  -1.7945312e+02  -1.2542200e+02  -8.1038073e+01  -4.8882574e+01  -2.8032622e+01  -1.5525460e+01  -8.3381361e+00  -4.4423334e+00  -2.4426442e+00  -1.4898638e+00  -1.1258298e+00  -1.0748367e+00  -1.2154206e+00  -1.4823827e+00  -1.8330522e+00  -2.2429673e+00  -2.7216894e+00  -3.2793773e+00  -3.9037051e+00  -4.5643313e+00  -5.2743759e+00  -6.0536826e+00  -6.8837864e+00  -7.8090708e+00  -8.7080397e+00  -9.6541387e+00
   4.8821708e+00   1.2842814e-01  -8.7523496e+00  -2.2319683e+01  -4.1200835e+01  -6.5497279e+01  -9.3219865e+01  -1.2066976e+02  -1.4402739e+02  -1.5920501e+02  -1.6300288e+02  -1.5636628e+02  -1.4152803e+02  -1.2217231e+02  -1.0159946e+02  -8.0765054e+01  -6.2131254e+01  -4.5962610e+01  -3.3132909e+01  -2.3591496e+01  -1.6748680e+01  -1.1905603e+01  -8.9286784e+00  -7.1668109e+00  -6.2957331e+00  -5.9962856e+00  -6.1157525e+00  -6.5345144e+00  -7.2227505e+00  -7.9591659e+00  -8.7880997e+00  -9.6973992e+00
  -4.5005431e+01  -6.1717567e+01  -7.7444218e+01  -8.9408381e+01  -9.6493087e+01  -9.7862128e+01  -9.2594251e+01  -8.2408279e+01  -6.9863878e+01  -5.6557724e+01  -4.3819252e+01  -3.3003756e+01  -2.3965950e+01  -1.6834600e+01  -1.1816892e+01  -8.1704143e+00  -5.7328688e+00  -4.1204576e+00  -3.1764161e+00  -2.7177424e+00  -2.5907664e+00  -2.6934890e+00  -2.9833470e+00  -3.4254529e+00  -3.9832310e+00  -4.6056502e+00  -5.2941718e+00  -6.0615070e+00  -6.8864223e+00  -7.8099190e+00  -8.7078453e+00  -9.6546577e+00
  -1.0969259e+02  -3.1966285e+02  -5.7340350e+02  -7.5782556e+02  -8.0406633e+02  -7.1177334e+02  -5.1956019e+02  -3.0884779e+02  -1.5812929e+02  -7.2920613e+01  -3.0800833e+01  -1.2172133e+01  -4.5853643e+00  -1.7801134e+00  -8.5502257e-01  -6.3990303e-01  -6.9526335e-01  -8.6934600e-01  -1.1206812e+00  -1.4402668e+00  -1.8149564e+00  -2.2354170e+00  -2.7185646e+00  -3.2781301e+00  -3.9032142e+00  -4.5641454e+00  -5.2743063e+00  -6.0536571e+00  -6.8837772e+00  -7.8090675e+00  -8.7080386e+00  -9.6541383e+00
  -3.5251061e+02  -5.2109894e+02  -6.4637832e+02  -7.1877267e+02  -7.3424489e+02  -6.8819111e+02  -5.8696272e+02  -4.4610577e+02  -3.0276961e+02  -1.8677567e+02  -1.0819706e+02  -5.9208790e+01  -3.0369858e+01  -1.4917619e+01  -7.1198717e+00  -3.4261745e+00  -1.8771042e+00  -1.3475884e+00  -1.3097930e+00  -1.5122278e+00  -1.8412842e+00  -2.2446453e+00  -2.7217429e+00  -3.2791925e+00  -3.9035632e+00  -4.5642543e+00  -5.2743397e+00  -6.0536670e+00  -6.8837800e+00  -7.8090683e+00  -8.7080388e+00  -9.6541384e+00
  -6.7461947e+00  -6.0526961e+01  -1.1666558e+02  -1.8315276e+02  -2.5146548e+02  -2.8662803e+02  -2.8974527e+02  -2.5661098e+02  -2.0866235e+02  -1.5759419e+02  -1.1100462e+02  -7.3540621e+01  -4.6645020e+01  -2.9015278e+01  -1.8261887e+01  -1.1482163e+01  -7.1645031e+00  -4.7505892e+00  -3.3957142e+00  -2.7802880e+00  -2.5992821e+00  -2.6809993e+00  -2.9695586e+00  -3.4152260e+00  -3.9765987e+00  -4.6018380e+00  -5.2920963e+00  -6.0604529e+00  -6.8859248e+00  -7.8096603e+00  -8.7077417e+00  -9.6546151e+00
   1.4795715e+01   1.8991784e+01   2.1060943e+01   2.0275363e+01   1.3815299e+01  -3.6218304e+00  -3.1159418e+01  -4.6215922e+01  -3.5918909e+01  -1.8820699e+01  -8.2034925e+00  -3.2908528e+00  -1.3238171e+00  -6.5101100e-01  -4.8608462e-01  -5.2602279e-01  -6.6136490e-01  -8.5979135e-01  -1.1180908e+00  -1.4396012e+00  -1.8147949e+00  -2.2353797e+00  -2.7185560e+00  -3.2781282e+00  -3.9032139e+00  -4.5641454e+00  -5.2743063e+00  -6.0536571e+00  -6.8837772e+00  -7.8090675e+00  -8.7080386e+00  -9.6541383e+00
   0.0000000e+00   0.0000000e+00   0.0000000e+00   0.0000000e+00   5.7086573e-03   1.5219954e+00   9.1494072e+00   1.6902101e+01   2.2660759e+01   2.6765915e+01   2.9112003e+01   2.9643606e+01   2.7653390e+01   2.1794245e+01   1.0869001e+01  -3.1282859e+00  -1.2944269e+01  -1.2065343e+01  -8.0484352e+00  -4.9520694e+00  -3.4230104e+00  -2.9147446e+00  -2.9924127e+00  -3.3840753e+00  -3.9427713e+00  -4.5784739e+00  -5.2794370e+00  -6.0554404e+00  -6.8843784e+00  -7.8092659e+00  -8.7081006e+00  -9.6541574e+00
   0.0000000e+00   0.0000000e+00  -5.3743991e-01  -4.7694652e+01  -1.0605169e+02  -1.2890412e+02  -1.2441027e+02  -1.0159493e+02  -7.2098153e+01  -4.4363789e+01  -2.4091901e+01  -1.1998843e+01  -5.6792003e+00  -2.7404951e+00  -1.4611888e+00  -9.5352985e-01  -8.4091310e-01  -9.3139883e-01  -1.1461187e+00  -1.4502190e+00  -1.8186553e+00  -2.2367233e+00  -2.7190129e+00  -3.2782773e+00  -3.9032624e+00  -4.5641604e+00  -5.2743109e+00  -6.0536585e+00  -6.8837775e+00  -7.8090676e+00  -8.7080386e+00  -9.6541384e+00
  -1.4994779e+01  -5.7228338e+01  -1.1108468e+02  -1.8595502e+02  -2.8082775e+02  -3.6520959e+02  -4.3750534e+02  -4.7885936e+02  -4.9109319e+02  -4.7544798e+02  -4.3154860e+02  -3.6740793e+02  -3.0378422e+02  -2.5152812e+02  -2.1251264e+02  -1.8026500e+02  -1.5094534e+02  -1.2329053e+02  -9.5493744e+01  -7.0494214e+01  -4.9402689e+01  -3.2007047e+01  -2.1439708e+01  -1.4949131e+01  -1.0884807e+01  -8.5880374e+00  -7.5584498e+00  -7.2948425e+00  -7.6131099e+00  -8.1492587e+00  -8.8753768e+00  -9.7356676e+00
  -1.5510814e-04  -1.9874355e-02  -4.9592382e-01  -7.2396908e+00  -3.8327719e+01  -9.5362384e+01  -1.7325675e+02  -2.4113181e+02  -2.9033165e+02  -2.9808118e+02  -2.6943362e+02  -2.2376682e+02  -1.7072073e+02  -1.2355092e+02  -8.6925643e+01  -5.9068675e+01  -3.9676052e+01  -2.6181237e+01  -1.7322079e+01  -1.1718090e+01  -8.2415656e+00  -6.1856551e+00  -5.1293646e+00  -4.7234304e+00  -4.7645803e+00  -5.0663427e+00  -5.5637581e+00  -6.2164980e+00  -6.9743891e+00  -7.8592526e+00  -8.7348951e+00  -9.6694035e+00
   0.0000000e+00   0.0000000e+00   0.0000000e+00   0.0000000e+00  -2.1259963e+00  -4.7197451e+01  -7.0687744e+01  -7.3085771e+01  -6.4579494e+01  -5.0641900e+01  -3.6205133e+01  -2.4392257e+01  -1.5180834e+01  -9.1915153e+00  -5.4510128e+00  -3.2598118e+00  -2.1214481e+00  -1.6091783e+00  -1.4939037e+00  -1.6228805e+00  -1.9016444e+00  -2.2753706e+00  -2.7367776e+00  -3.2861747e+00  -3.9067177e+00  -4.5656145e+00  -5.2749148e+00  -6.0539026e+00  -6.8838743e+00  -7.8091056e+00  -8.7080529e+00  -9.6541436e+00
  -2.5131252e-03  -1.7106861e-01  -1.6013317e+00  -1.0118262e+01  -2.6309922e+01  -3.8751470e+01  -4.6286574e+01  -4.5570792e+01  -4.0907359e+01  -3.3337724e+01  -2.5070910e+01  -1.7993133e+01  -1.2276567e+01  -8.3048811e+00  -5.6782358e+00  -3.9292799e+00  -2.8168081e+00  -2.1798046e+00  -1.9058861e+00  -1.9007575e+00  -2.0774937e+00  -2.3794064e+00  -2.7946299e+00  -3.3153218e+00  -3.9199856e+00  -4.5704123e+00  -5.2748135e+00  -6.0511233e+00  -6.8809541e+00  -7.8070663e+00  -8.7064114e+00  -9.6539412e+00
   0.0000000e+00  -2.9375892e-04  -4.0797531e-02  -1.5808381e+00  -1.5678875e+01  -5.7695011e+01  -1.1076835e+02  -1.4531558e+02  -1.5447815e+02  -1.3812233e+02  -1.0177524e+02  -6.0190721e+01  -2.9179557e+01  -1.2432855e+01  -5.0812930e+00  -2.1895330e+00  -1.2284623e+00  -1.0425345e+00  -1.1759580e+00  -1.4571565e+00  -1.8198619e+00  -2.2367558e+00  -2.7189170e+00  -3.2782182e+00  -3.9032364e+00  -4.5641506e+00  -5.2743075e+00  -6.0536574e+00  -6.8837772e+00  -7.8090675e+00  -8.7080386e+00  -9.6541383e+00
  -4.8128792e+01  -1.1676089e+02  -1.8909228e+02  -2.3784858e+02  -2.4331558e+02  -2.0729934e+02  -1.5022555e+02  -9.5236153e+01  -5.4114285e+01  -2.8041131e+01  -1.3844999e+01  -6.7528206e+00  -3.3245248e+00  -1.7023311e+00  -9.9924870e-01  -7.6046027e-01  -7.6471651e-01  -9.0281920e-01  -1.1354258e+00  -1.4463182e+00  -1.8173044e+00  -2.2362892e+00  -2.7188816e+00  -3.2782397e+00  -3.9032513e+00  -4.5641574e+00  -5.2743101e+00  -6.0536583e+00  -6.8837775e+00  -7.8090676e+00  -8.7080386e+00  -9.6541384e+00
  -7.6116678e+01  -7.4960568e+02  -1.6573408e+03  -2.4458627e+03  -3.0161775e+03  -3.2834899e+03  -3.2342107e+03  -2.9186061e+03  -2.4422749e+03  -1.8783942e+03  -1.2793183e+03  -7.6527965e+02  -4.0920859e+02  -2.0415131e+02  -9.6282143e+01  -4.3150574e+01  -1.9057590e+01  -8.5071892e+00  -4.2398682e+00  -2.6779833e+00  -2.2908811e+00  -2.4126552e+00  -2.7840160e+00  -3.3015677e+00  -3.9114858e+00  -4.5669356e+00  -5.2752360e+00  -6.0539573e+00  -6.8838720e+00  -7.8090973e+00  -8.7080476e+00  -9.6541410e+00
  -2.6021544e+02  -3.9002280e+02  -4.9762035e+02  -5.6408988e+02  -5.8054052e+02  -5.4687916e+02  -4.6892056e+02  -3.6600746e+02  -2.6945718e+02  -1.9118427e+02  -1.2861571e+02  -7.7988792e+01  -4.1193831e+01  -1.9147143e+01  -8.3402474e+00  -3.6283293e+00  -1.8311564e+00  -1.2763668e+00  -1.2614042e+00  -1.4866931e+00  -1.8294244e+00  -2.2395410e+00  -2.7196767e+00  -3.2784119e+00  -3.9032834e+00  -4.5641613e+00  -5.2743098e+00  -6.0536579e+00  -6.8837773e+00  -7.8090676e+00  -8.7080386e+00  -9.6541383e+00
  -1.4668200e+01  -2.8047317e+01  -4.5796915e+01  -6.6843724e+01  -8.9028390e+01  -1.1024943e+02  -1.2788564e+02  -1.4043740e+02  -1.4711142e+02  -1.4770526e+02  -1.4236014e+02  -1.3223679e+02  -1.1769625e+02  -1.0053987e+02  -8.2667240e+01  -6.4901820e+01  -4.9236727e+01  -3.5922668e+01  -2.5633134e+01  -1.8178721e+01  -1.2967841e+01  -9.3802953e+00  -7.2632310e+00  -6.0966931e+00  -5.6219929e+00  -5.5835642e+00  -5.8679755e+00  -6.3897947e+00  -7.1390874e+00  -7.9123470e+00  -8.7626481e+00  -9.6837259e+00
  -5.2117019e+00  -1.4626511e+01  -3.3453149e+01  -6.7957250e+01  -1.2219933e+02  -1.8817605e+02  -2.4298490e+02  -2.4954103e+02  -1.9842573e+02  -1.2389549e+02  -6.5595898e+01  -3.1635737e+01  -1.3914851e+01  -5.9662190e+00  -2.6491798e+00  -1.3692356e+00  -9.7907994e-01  -9.7291979e-01  -1.1567567e+00  -1.4518972e+00  -1.8184784e+00  -2.2364318e+00  -2.7188484e+00  -3.2782054e+00  -3.9032341e+00  -4.5641508e+00  -5.2743078e+00  -6.0536575e+00  -6.8837773e+00  -7.8090675e+00  -8.7080386e+00  -9.6541383e+00
   4.4507433e+00   2.8192228e+00  -2.8591685e+00  -1.4265686e+01  -3.2559941e+01  -5.6201212e+01  -8.2492026e+01  -1.0628365e+02  -1.2430389e+02  -1.3415198e+02  -1.3547650e+02  -1.2938125e+02  -1.1703614e+02  -1.0069403e+02  -8.3003415e+01  -6.5085108e+01  -4.9122648e+01  -3.5596404e+01  -2.5197020e+01  -1.7731235e+01  -1.2445299e+01  -9.0462088e+00  -6.9991143e+00  -5.8973915e+00  -5.4773905e+00  -5.4829282e+00  -5.8000066e+00  -6.3454586e+00  -7.1106918e+00  -7.8948887e+00  -8.7522893e+00  -9.6776923e+00
   0.0000000e+00  -8.8958863e+01  -4.5772873e+02  -5.9986456e+02  -6.1053899e+02  -5.3188879e+02  -4.0670987e+02  -2.8041947e+02  -1.8113895e+02  -1.0751341e+02  -5.6422183e+01  -2.5649296e+01  -1.0322035e+01  -4.0539332e+00  -1.6934644e+00  -9.2901343e-01  -7.8897064e-01  -8.9812512e-01  -1.1293957e+00  -1.4427713e+00  -1.8156359e+00  -2.2355892e+00  -2.7186064e+00  -3.2781399e+00  -3.9032165e+00  -4.5641459e+00  -5.2743064e+00  -6.0536572e+00  -6.8837772e+00  -7.8090675e+00  -8.7080386e+00  -9.6541383e+00
   0.0000000e+00   3.5458782e-01   3.9700529e+00   8.2163212e+00   1.2629133e+01   1.6629360e+01   2.0226045e+01   2.2674775e+01   2.4130883e+01   2.3917477e+01   2.1654474e+01   1.6682522e+01   8.3571480e+00  -3.1556393e+00  -1.5857181e+01  -2.6358782e+01  -3.0025307e+01  -2.8415372e+01  -2.3896031e+01  -1.8746322e+01  -1.4184162e+01  -1.0541393e+01  -8.1865271e+00  -6.7774278e+00  -6.0949999e+00  -6.0205944e+00  -6.1543204e+00  -6.5686141e+00  -7.2685574e+00  -7.9828222e+00  -8.8012864e+00  -9.7092657e+00
   0.0000000e+00  -4.5998730e-01  -4.2835584e+00  -3.9109612e+00  -2.2669796e+00  -1.1240379e+00  -5.1199666e-01  -2.3697010e-01  -1.2940168e-01  -9.9279749e-02  -1.0766281e-01  -1.3920257e-01  -1.8941564e-01  -2.6122462e-01  -3.5918300e-01  -4.8699771e-01  -6.4981065e-01  -8.5654670e-01  -1.1172161e+00  -1.4393780e+00  -1.8147412e+00  -2.2353675e+00  -2.7185532e+00  -3.2781276e+00  -3.9032137e+00  -4.5641453e+00  -5.2743063e+00  -6.0536571e+00  -6.8837772e+00  -7.8090675e+00  -8.7080386e+00  -9.6541383e+00
   9.8658078e+00   1.4262611e+01   1.7706099e+01   2.0044081e+01   2.1233407e+01   2.0967281e+01   1.8776757e+01   1.3920947e+01   5.9735956e+00  -3.9240674e+00  -1.1994300e+01  -1.4753074e+01  -1.2355204e+01  -8.3780978e+00  -5.0885028e+00  -2.9731246e+00  -1.8893275e+00  -1.4436736e+00  -1.3895174e+00  -1.5623316e+00  -1.8683962e+00  -2.2579707e+00  -2.7278985e+00  -3.2818575e+00  -3.9046914e+00  -4.5647108e+00  -5.2745198e+00  -6.0537353e+00  -6.8838050e+00  -7.8090773e+00  -8.7080418e+00  -9.6541394e+00
  -6.2792504e+01  -8.8199804e+01  -1.0862218e+02  -1.1904546e+02  -1.1883300e+02  -1.0755125e+02  -8.9714239e+01  -6.9454050e+01  -5.0942969e+01  -3.6032234e+01  -2.4548261e+01  -1.6078636e+01  -1.0347353e+01  -6.6684713e+00  -4.4369869e+00  -3.0630639e+00  -2.2344735e+00  -1.8078272e+00  -1.6753056e+00  -1.7616610e+00  -1.9961012e+00  -2.3334341e+00  -2.7692982e+00  -3.3018673e+00  -3.9129842e+00  -4.5669132e+00  -5.2731015e+00  -6.0503133e+00  -6.8805810e+00  -7.8068961e+00  -8.7063388e+00  -9.6539108e+00
  -1.6669745e-03  -1.5769511e+01  -1.7731838e+02  -6.1466849e+02  -1.1383396e+03  -1.6033677e+03  -2.0207714e+03  -2.2375743e+03  -2.3193551e+03  -2.2394618e+03  -1.9907973e+03  -1.6049938e+03  -1.1726202e+03  -7.9524360e+02  -5.2041435e+02  -3.2545785e+02  -1.9356974e+02  -1.1718260e+02  -7.0990784e+01  -4.4420695e+01  -2.8476770e+01  -1.8370456e+01  -1.2518540e+01  -9.1269446e+00  -7.3480568e+00  -6.5416051e+00  -6.3887755e+00  -6.6619557e+00  -7.2088677e+00  -7.9806129e+00  -8.7947778e+00  -9.6984145e+00
  -1.8419767e+01  -4.3795660e+01  -7.4625430e+01  -1.0237155e+02  -1.1555918e+02  -1.0513940e+02  -7.6552898e+01  -4.5663844e+01  -2.3229329e+01  -1.0659933e+01  -4.5582506e+00  -1.9107141e+00  -8.5338298e-01  -5.0172637e-01  -4.4209038e-01  -5.1404204e-01  -6.5831268e-01  -8.5910722e-01  -1.1179624e+00  -1.4395852e+00  -1.8147958e+00  -2.2353811e+00  -2.7185566e+00  -3.2781284e+00  -3.9032139e+00  -4.5641454e+00  -5.2743063e+00  -6.0536571e+00  -6.8837772e+00  -7.8090675e+00  -8.7080386e+00  -9.6541383e+00
   0.0000000e+00   0.0000000e+00   0.0000000e+00  -2.9582652e-04  -1.9063462e+00  -2.9798150e+01  -5.3312424e+01  -4.8365759e+01  -3.4099678e+01  -2.0276320e+01  -1.0836092e+01  -5.5438412e+00  -2.7935916e+00  -1.4799175e+00  -9.0599537e-01  -7.2188960e-01  -7.4829365e-01  -8.9618178e-01  -1.1327629e+00  -1.4452672e+00  -1.8168943e+00  -2.2361296e+00  -2.7188211e+00  -3.2782176e+00  -3.9032434e+00  -4.5641546e+00  -5.2743091e+00  -6.0536580e+00  -6.8837774e+00  -7.8090676e+00  -8.7080386e+00  -9.6541384e+00
   3.6996341e-03   8.3423491e-01   5.5425646e+00   8.3178921e+00   2.0787086e+00  -1.7195583e+01  -5.0949462e+01  -9.1171363e+01  -1.2084366e+02  -1.2665431e+02  -1.0787358e+02  -7.4932324e+01  -4.2408670e+01  -2.0717401e+01  -9.1957664e+00  -4.0916674e+00  -2.0885814e+00  -1.4133116e+00  -1.3262205e+00  -1.5149311e+00  -1.8410670e+00  -2.2442091e+00  -2.7214922e+00  -3.2790586e+00  -3.9035023e+00  -4.5642301e+00  -5.2743307e+00  -6.0536639e+00  -6.8837790e+00  -7.8090680e+00  -8.7080387e+00  -9.6541384e+00
  -2.6323806e+01  -4.1695014e+01  -5.7556693e+01  -7.1746018e+01  -8.1947811e+01  -8.6193317e+01  -8.4357143e+01  -7.7392599e+01  -6.7511360e+01  -5.6051690e+01  -4.4612605e+01  -3.4637650e+01  -2.5894914e+01  -1.8750479e+01  -1.3535277e+01  -9.5934100e+00  -6.8673387e+00  -4.9829345e+00  -3.8127265e+00  -3.1760105e+00  -2.9119598e+00  -2.9121715e+00  -3.1291612e+00  -3.5199741e+00  -4.0432569e+00  -4.6426155e+00  -5.3165551e+00  -6.0747370e+00  -6.8940927e+00  -7.8143151e+00  -8.7102726e+00  -9.6559871e+00
  -1.1300052e+02  -2.2381086e+02  -3.4826368e+02  -4.8357106e+02  -6.1755662e+02  -7.0011235e+02  -7.3021552e+02  -6.9304269e+02  -6.1168254e+02  -5.0547755e+02  -3.9077777e+02  -2.8811532e+02  -2.0430319e+02  -1.4070312e+02  -9.6176922e+01  -6.4420746e+01  -4.3040741e+01  -2.8423846e+01  -1.8903394e+01  -1.2884692e+01  -9.1218855e+00  -6.8627875e+00  -5.6656698e+00  -5.1526601e+00  -5.1076062e+00  -5.3289958e+00  -5.7567161e+00  -6.3517399e+00  -7.0651132e+00  -7.9170088e+00  -8.7708865e+00  -9.6912044e+00
   0.0000000e+00   0.0000000e+00   0.0000000e+00   0.0000000e+00   0.0000000e+00  -5.3820169e-01  -2.8583189e+00  -2.4652337e+00  -1.5788566e+00  -9.1374106e-01  -5.2727221e-01  -3.4350574e-01  -2.8098984e-01  -3.0007732e-01  -3.7457853e-01  -4.9277281e-01  -6.5190035e-01  -8.5727566e-01  -1.1174749e+00  -1.4394684e+00  -1.8147714e+00  -2.2353771e+00  -2.7185562e+00  -3.2781285e+00  -3.9032140e+00  -4.5641454e+00  -5.2743063e+00  -6.0536571e+00  -6.8837772e+00  -7.8090675e+00  -8.7080386e+00  -9.6541383e+00
   5.7515956e+00   7.8660608e+00   9.4452070e+00   1.0346622e+01   1.0396960e+01   9.2819431e+00   7.0999353e+00   3.9158228e+00   2.2452195e-01  -3.2033148e+00  -5.4689217e+00  -6.0295754e+00  -5.2486458e+00  -4.0020251e+00  -2.9061018e+00  -2.0885018e+00  -1.5726909e+00  -1.3759132e+00  -1.4000801e+00  -1.5934235e+00  -1.8966289e+00  -2.2728062e+00  -2.7341135e+00  -3.2825327e+00  -3.9023975e+00  -4.5614191e+00  -5.2703358e+00  -6.0488683e+00  -6.8798410e+00  -7.8065281e+00  -8.7061637e+00  -9.6538267e+00
   0.0000000e+00   0.0000000e+00   0.0000000e+00  -1.1879154e+00  -4.8057029e+00  -4.0713716e+00  -2.5810971e+00  -1.4573383e+00  -7.8027754e-01  -4.1697930e-01  -2.5456663e-01  -2.0465707e-01  -2.1661680e-01  -2.7220224e-01  -3.6344277e-01  -4.8856352e-01  -6.5036599e-01  -8.5673364e-01  -1.1172783e+00  -1.4393979e+00  -1.8147472e+00  -2.2353692e+00  -2.7185537e+00  -3.2781278e+00  -3.9032138e+00  -4.5641453e+00  -5.2743063e+00  -6.0536571e+00  -6.8837772e+00  -7.8090675e+00  -8.7080386e+00  -9.6541383e+00
   0.0000000e+00   0.0000000e+00   0.0000000e+00  -3.9091948e-02  -4.4534336e+00  -1.0016063e+01  -6.8999070e+00  -3.5025157e+00  -1.5854410e+00  -6.8405415e-01  -3.2878718e-01  -2.2082604e-01  -2.1690017e-01  -2.7020558e-01  -3.6200482e-01  -4.8783653e-01  -6.5004847e-01  -8.5660915e-01  -1.1172319e+00  -1.4393819e+00  -1.8147421e+00  -2.2353677e+00  -2.7185532e+00  -3.2781276e+00  -3.9032137e+00  -4.5641453e+00  -5.2743063e+00  -6.0536571e+00  -6.8837772e+00  -7.8090675e+00  -8.7080386e+00  -9.6541383e+00
  -3.3334472e+01  -5.9495375e+01  -8.8003545e+01  -1.1715547e+02  -1.4260331e+02  -1.5634895e+02  -1.5935932e+02  -1.5102623e+02  -1.3616532e+02  -1.1758860e+02  -9.7055741e+01  -7.7272536e+01  -5.9083338e+01  -4.3612926e+01  -3.1509400e+01  -2.2092261e+01  -1.5180882e+01  -1.0416903e+01  -7.2810653e+00  -5.3505768e+00  -4.2427098e+00  -3.7019153e+00  -3.5879061e+00  -3.7775963e+00  -4.1848873e+00  -4.7176362e+00  -5.3554028e+00  -6.0941352e+00  -6.9034770e+00  -7.8187432e+00  -8.7122411e+00  -9.6568335e+00
   1.7697351e-02   3.5705968e-02  -4.4699817e+00  -1.5937684e+01  -3.5229039e+01  -6.1058724e+01  -8.8808197e+01  -1.1081830e+02  -1.2040324e+02  -1.1486535e+02  -9.7472495e+01  -7.4782360e+01  -5.1703981e+01  -3.2943528e+01  -1.9687857e+01  -1.1118839e+01  -6.3058112e+00  -3.7114083e+00  -2.5189464e+00  -2.1083486e+00  -2.1261083e+00  -2.3762581e+00  -2.7811067e+00  -3.3049065e+00  -3.9145036e+00  -4.5687326e+00  -5.2761564e+00  -6.0543890e+00  -6.8840606e+00  -7.8091755e+00  -8.7080777e+00  -9.6541522e+00
  -7.0510627e-02  -1.7057775e+00  -1.0678332e+01  -6.1410098e+01  -1.8368709e+02  -3.3336710e+02  -4.9767336e+02  -6.1077076e+02  -6.7985888e+02  -6.8344457e+02  -6.2120334e+02  -5.1704240e+02  -4.0693617e+02  -3.1504242e+02  -2.4768192e+02  -1.9538176e+02  -1.5248814e+02  -1.1730893e+02  -8.6668784e+01  -6.2298371e+01  -4.3463972e+01  -2.8825215e+01  -1.9717563e+01  -1.3930904e+01  -1.0349902e+01  -8.2982569e+00  -7.4051906e+00  -7.2208433e+00  -7.5783421e+00  -8.1341604e+00  -8.8696007e+00  -9.7337733e+00
  -8.2490551e+00  -2.0071800e+01  -3.8307991e+01  -6.1162733e+01  -8.2769841e+01  -9.4061469e+01  -9.0325220e+01  -7.3909656e+01  -5.3120111e+01  -3.4244643e+01  -2.0557357e+01  -1.1841679e+01  -6.5297409e+00  -3.5851797e+00  -2.0556687e+00  -1.3243673e+00  -1.0536516e+00  -1.0435438e+00  -1.2023421e+00  -1.4773444e+00  -1.8313023e+00  -2.2423621e+00  -2.7214567e+00  -3.2792901e+00  -3.9036742e+00  -4.5643224e+00  -5.2743743e+00  -6.0536826e+00  -6.8837865e+00  -7.8090709e+00  -8.7080397e+00  -9.6541387e+00
  -3.3795211e+01  -5.2243146e+01  -7.3686816e+01  -9.7382966e+01  -1.2231647e+02  -1.4590925e+02  -1.6617789e+02  -1.8000355e+02  -1.8660196e+02  -1.8750841e+02  -1.8312395e+02  -1.7433088e+02  -1.6230449e+02  -1.4761658e+02  -1.3115534e+02  -1.1246445e+02  -9.2493573e+01  -7.2635977e+01  -5.4694361e+01  -4.0006342e+01  -2.8621743e+01  -2.0177743e+01  -1.4430217e+01  -1.0716609e+01  -8.4519866e+00  -7.3044605e+00  -6.8874341e+00  -6.9743324e+00  -7.4694818e+00  -8.0924305e+00  -8.8575323e+00  -9.7328828e+00
  -1.3292959e+00  -6.9324746e+00  -2.0291769e+01  -4.0497621e+01  -6.1893454e+01  -7.6006184e+01  -7.9144244e+01  -7.1954354e+01  -5.8640928e+01  -4.3264528e+01  -2.9486607e+01  -1.8892602e+01  -1.1476274e+01  -6.7683636e+00  -3.9782504e+00  -2.4206899e+00  -1.6545993e+00  -1.3572065e+00  -1.3619714e+00  -1.5564979e+00  -1.8695148e+00  -2.2601802e+00  -2.7295928e+00  -3.2828654e+00  -3.9052219e+00  -4.5649693e+00  -5.2746429e+00  -6.0537912e+00  -6.8838293e+00  -7.8090874e+00  -8.7080458e+00  -9.6541409e+00
   0.0000000e+00  -5.3974361e-04  -1.1434631e-01  -4.5429458e+00  -4.5065111e+01  -1.6865708e+02  -3.3682170e+02  -4.5523744e+02  -4.5801841e+02  -3.5017124e+02  -2.1657372e+02  -1.1941265e+02  -6.0223481e+01  -2.8685146e+01  -1.3094943e+01  -5.9041448e+00  -2.9067806e+00  -1.7603986e+00  -1.4740624e+00  -1.5769684e+00  -1.8665160e+00  -2.2545378e+00  -2.7256014e+00  -3.2806238e+00  -3.9040884e+00  -4.5644400e+00  -5.2744047e+00  -6.0536894e+00  -6.8837877e+00  -7.8090708e+00  -8.7080396e+00  -9.6541387e+00
  -3.4970689e+01  -4.1098176e+01  -3.6573773e+01  -2.7059260e+01  -1.7543880e+01  -1.0333390e+01  -5.6700412e+00  -2.9500426e+00  -1.4797389e+00  -7.3709660e-01  -3.9771506e-01  -2.6523902e-01  -2.4180775e-01  -2.8228474e-01  -3.6732870e-01  -4.8999226e-01  -6.5087906e-01  -8.5691087e-01  -1.1173391e+00  -1.4394180e+00  -1.8147536e+00  -2.2353712e+00  -2.7185543e+00  -3.2781279e+00  -3.9032138e+00  -4.5641453e+00  -5.2743063e+00  -6.0536571e+00  -6.8837772e+00  -7.8090675e+00  -8.7080386e+00  -9.6541383e+00
   3.4017124e+00  -3.6103457e+00  -1.5887758e+01  -3.3146435e+01  -5.3040750e+01  -7.2268420e+01  -8.6527810e+01  -9.2901352e+01  -9.1178496e+01  -8.2795752e+01  -7.0230277e+01  -5.6729560e+01  -4.3503386e+01  -3.2135432e+01  -2.3187867e+01  -1.6104634e+01  -1.1247144e+01  -7.8243834e+00  -5.6131555e+00  -4.2951789e+00  -3.5902043e+00  -3.3104508e+00  -3.3577903e+00  -3.6465740e+00  -4.1117351e+00  -4.6781663e+00  -5.3345166e+00  -6.0834195e+00  -6.8981094e+00  -7.8160944e+00  -8.7109903e+00  -9.6562501e+00
  -1.5021694e+02  -4.5251941e+02  -8.1013108e+02  -1.2618481e+03  -1.7779240e+03  -2.1856899e+03  -2.5009547e+03  -2.6317562e+03  -2.6274339e+03  -2.5067214e+03  -2.2421889e+03  -1.8286108e+03  -1.3584740e+03  -9.4089423e+02  -6.1853997e+02  -3.8317548e+02  -2.2101518e+02  -1.2661619e+02  -7.2077890e+01  -4.2318673e+01  -2.5921460e+01  -1.5724776e+01  -1.0598034e+01  -7.8602494e+00  -6.4925772e+00  -5.9942601e+00  -6.0467980e+00  -6.4537370e+00  -7.0860315e+00  -7.9098348e+00  -8.7556953e+00  -9.6772591e+00
   0.0000000e+00   0.0000000e+00   1.0799805e-02   1.4072080e+00   6.3349828e+00   9.9576696e+00   1.1419865e+01   9.7456109e+00   3.3626723e+00  -9.6428209e+00  -3.1048629e+01  -6.0497295e+01  -9.3808154e+01  -1.2331873e+02  -1.4291995e+02  -1.4873661e+02  -1.4536063e+02  -1.3378105e+02  -1.1504795e+02  -9.0970088e+01  -6.5550561e+01  -4.2623801e+01  -2.5890909e+01  -1.5582641e+01  -1.0029873e+01  -7.4453037e+00  -6.6084094e+00  -6.6546699e+00  -7.2165212e+00  -7.9223998e+00  -8.7544599e+00  -9.6725652e+00
   1.2859069e+01   1.6680406e+01   1.9993524e+01   2.2691669e+01   2.4799440e+01   2.6292737e+01   2.7029142e+01   2.6556203e+01   2.3885582e+01   1.7125297e+01   3.4990376e+00  -1.8756080e+01  -4.5123020e+01  -6.2841005e+01  -6.2592099e+01  -4.7681438e+01  -3.0975571e+01  -1.8016855e+01  -1.0034568e+01  -5.8686007e+00  -3.9308546e+00  -3.2062901e+00  -3.1523703e+00  -3.4651143e+00  -3.9821924e+00  -4.5963566e+00  -5.2873194e+00  -6.0588128e+00  -6.8857753e+00  -7.8098289e+00  -8.7083144e+00  -9.6542361e+00
  -1.1021092e+00  -7.0640467e+00  -1.9395118e+01  -3.9694883e+01  -6.5466855e+01  -9.2608249e+01  -1.1687984e+02  -1.3484288e+02  -1.4454882e+02  -1.4528632e+02  -1.3733795e+02  -1.2225487e+02  -1.0110862e+02  -7.7689397e+01  -5.5477692e+01  -3.6777769e+01  -2.3077087e+01  -1.3697426e+01  -8.2480647e+00  -5.2625384e+00  -3.8047712e+00  -3.2370979e+00  -3.2126178e+00  -3.5139481e+00  -4.0140280e+00  -4.6145951e+00  -5.2970911e+00  -6.0637374e+00  -6.8881475e+00  -7.8109327e+00  -8.7087978e+00  -9.6544394e+00
   0.0000000e+00   0.0000000e+00   0.0000000e+00   0.0000000e+00   1.5159484e-02  -8.9423727e-01  -9.2868564e+00  -2.7118895e+01  -5.4456104e+01  -8.8512963e+01  -1.2408045e+02  -1.5196691e+02  -1.6092558e+02  -1.4967734e+02  -1.2450777e+02  -9.1995789e+01  -6.2312236e+01  -3.8611307e+01  -2.2614714e+01  -1.2843720e+01  -7.6320502e+00  -5.0505702e+00  -4.0379035e+00  -3.8751952e+00  -4.1680591e+00  -4.6784602e+00  -5.3230406e+00  -6.0739153e+00  -6.8920019e+00  -7.8123492e+00  -8.7092858e+00  -9.6546021e+00
   0.0000000e+00   2.9101807e-03   1.1140976e-01   2.1405873e-01   1.2166057e-01  -3.8349335e-01  -1.4934146e+00  -3.4791335e+00  -6.8139543e+00  -1.2060216e+01  -1.9720002e+01  -3.0236933e+01  -4.4225704e+01  -6.2106331e+01  -8.5278521e+01  -9.7598425e+01  -1.0477430e+02  -9.8424322e+01  -7.9223640e+01  -5.5913412e+01  -3.7144283e+01  -2.2615912e+01  -1.4826657e+01  -1.0454464e+01  -8.0067897e+00  -6.8686292e+00  -6.5450405e+00  -6.7259666e+00  -7.2314509e+00  -7.9861924e+00  -8.7943320e+00  -9.6964626e+00
  -7.2400606e+00  -2.4449564e+01  -4.9293260e+01  -7.0809433e+01  -7.2983448e+01  -5.3631691e+01  -2.9777830e+01  -1.3926323e+01  -5.8167406e+00  -2.2599386e+00  -8.8080788e-01  -4.0177426e-01  -2.7303773e-01  -2.8700563e-01  -3.6670246e-01  -4.8904764e-01  -6.5034321e-01  -8.5667678e-01  -1.1172472e+00  -1.4393850e+00  -1.8147426e+00  -2.2353678e+00  -2.7185533e+00  -3.2781276e+00  -3.9032137e+00  -4.5641453e+00  -5.2743063e+00  -6.0536571e+00  -6.8837772e+00  -7.8090675e+00  -8.7080386e+00  -9.6541383e+00
  -1.7920998e+00  -9.6720302e+00  -2.2594739e+01  -4.3624805e+01  -7.0043470e+01  -9.5324937e+01  -1.1720614e+02  -1.3096889e+02  -1.3572746e+02  -1.3098406e+02  -1.1787044e+02  -9.9004102e+01  -7.6806237e+01  -5.5562803e+01  -3.8028834e+01  -2.4661273e+01  -1.5005525e+01  -8.9886201e+00  -5.5782415e+00  -3.8554240e+00  -3.1100269e+00  -2.8879158e+00  -3.0406726e+00  -3.4316401e+00  -3.9754470e+00  -4.5978120e+00  -5.2902828e+00  -6.0607851e+00  -6.8868846e+00  -7.8103964e+00  -8.7085776e+00  -9.6543501e+00
